...Mass Properties...
15 Num Comps
15 Total Num Meshes
35600 Total Num Tris

4.470566419281916e+02             Total Mass
1.868022255984330e+01 -6.362392677684093e-06 -1.320838099788682e-02       Center of Gravity
4.203385557795086e+03 3.564830681979574e+04 3.859012263687652e+04       Ixx, Iyy, Izz
-2.560215596683015e+00 1.316300404537315e+03 3.847398374494026e+00       Ixy, Ixz, Iyz
4.470566419281916e+02             Volume

Name	Mass	cgX	cgY	cgZ	Ixx	Iyy	Izz	Ixy	Ixz	Iyz	Volume
fuselage	3.584156747394397e+02	1.791729131476971e+01	-1.456899367665357e-05	5.366529689689189e-02	6.555804939932517e+02	2.953795044160906e+04	2.952037200757836e+04	-2.434840880985637e+00	4.106072922781277e+02	3.357439345548255e+00	3.584156747394397e+02
Wing	2.144956422414115e+01	1.967873927416603e+01	6.751456933850351e+00	-5.447135052955135e-01	4.118202451302894e+02	1.020021813088403e+02	5.021203519056348e+02	1.681049912771888e+02	1.817343989886279e+01	4.318329076102328e+01	2.144956422414115e+01
Wing	2.144913965645496e+01	1.967879292347555e+01	-6.751541316688137e+00	-5.447122699817188e-01	4.117134642738413e+02	1.019911422547530e+02	5.020182191233056e+02	-1.682068696167790e+02	1.818180425258726e+01	-4.290553051229467e+01	2.144913965645496e+01
engine	7.372044460335007e+00	1.491546905302576e+01	4.749999784338374e+00	-1.780271693816338e+00	5.595779163034218e+00	9.332639804146043e+00	1.026349145884948e+01	-1.091691913274085e-02	-4.047409658585137e-01	4.928863590271482e-02	7.372044460335007e+00
engine	7.371930758012613e+00	1.491545592619210e+01	-4.749997419495526e+00	-1.780284041308069e+00	5.606180457875489e+00	9.329538482224889e+00	1.027676711304388e+01	-1.194331913747688e-02	-4.041474005323742e-01	4.586805584948591e-02	7.371930758012613e+00
fan	0.000000000000000e+00	0.000000000000000e+00	0.000000000000000e+00	0.000000000000000e+00	0.000000000000000e+00	0.000000000000000e+00	0.000000000000000e+00	0.000000000000000e+00	0.000000000000000e+00	0.000000000000000e+00	0.000000000000000e+00
fan	0.000000000000000e+00	0.000000000000000e+00	0.000000000000000e+00	0.000000000000000e+00	0.000000000000000e+00	0.000000000000000e+00	0.000000000000000e+00	0.000000000000000e+00	0.000000000000000e+00	0.000000000000000e+00	0.000000000000000e+00
PodGeom	1.208422859069815e-01	1.388555443712807e+01	4.750000000000001e+00	-1.739347826086957e+00	4.217931087355171e-03	3.082781488673998e-02	3.286858981757904e-02	-3.558988813426652e-04	-8.767810189733953e-05	-1.045879926297393e-05	1.208422859069815e-01
PodGeom	1.208422859069816e-01	1.388555443712806e+01	-4.749999999999995e+00	-1.739347826086956e+00	4.363389267457129e-03	3.080257066531530e-02	3.303929221910570e-02	-2.819807717354453e-04	-9.175582678974334e-05	2.318432023176268e-05	1.208422859069816e-01
base fuselage	1.230818774159997e+01	1.810132094515160e+01	9.763343196091645e-05	-1.734624626287103e+00	2.138588608971590e+01	9.947060112366674e+01	1.189216987756853e+02	-6.405157970323299e-04	4.766280309698827e-01	6.260119364413040e-02	1.230818774159997e+01
horizontal stabilizer	4.520848044477612e+00	3.635549410435452e+01	2.958593680123130e+00	1.547176080115693e+00	1.172265544245982e+01	6.329989447366637e+00	1.753045234233650e+01	5.855638121942115e+00	7.326297837640811e-01	1.451585686053113e+00	4.520848044477612e+00
horizontal stabilizer	4.520848044477625e+00	3.635549410435446e+01	-2.958593680123128e+00	1.547176080115690e+00	1.168819978925775e+01	6.325604326620239e+00	1.750038180988084e+01	-5.860891096774680e+00	7.323358814653554e-01	-1.393326155660523e+00	4.520848044477625e+00
vertical stabilizer	8.597690734524214e+00	3.455931774109454e+01	1.333581056697697e-16	3.832846359211167e+00	2.986195368689877e+01	6.107792014468392e+01	3.168991251441633e+01	1.207958773725020e-02	2.084095064490845e+01	-2.282428668172040e-03	8.597690734524214e+00
fixation	4.045598113865576e-01	1.628704433967168e+01	-4.835553680562771e+00	-8.600503859765429e-01	3.078419341703549e-02	1.968501510660197e-01	2.166705983673401e-01	-4.749775025650760e-03	-1.075240685320691e-02	7.725198109049465e-05	4.045598113865576e-01
fixation	4.044691415340274e-01	1.628708640229539e+01	4.835553985854374e+00	-8.600187563462907e-01	2.950029184132055e-02	1.968051446180717e-01	2.153566563732770e-01	2.499538370095378e-03	-1.080105560735713e-02	1.651814280661013e-03	4.044691415340274e-01
Name	Mass	cgX	cgY	cgZ	Ixx	Iyy	Izz	Ixy	Ixz	Iyz	Volume
Totals	4.470566419281916e+02	1.868022255984330e+01	-6.362392677684093e-06	-1.320838099788682e-02	4.203385557795086e+03	3.564830681979574e+04	3.859012263687652e+04	-2.560215596683015e+00	1.316300404537315e+03	3.847398374494026e+00	4.470566419281916e+02

...Filling Mass Properties (Volume Only -- No Shell or Point Mass)...
50 Num Slice

Slice	Mass	cgX	cgY	cgZ	Ixx	Iyy	Izz	Ixy	Ixz	Iyz	Volume
3.946222332323812e-01	5.826036175911388e-01	3.946222332323814e-01	-8.929119888348826e-17	-5.031823149207147e-01	8.898173030366245e-02	1.157701466502298e-01	1.244231550387918e-01	5.867018054439447e-04	1.867682031669755e-04	4.882077623765072e-04	5.826036175911388e-01
1.183866699697143e+00	2.520793972718089e+00	1.001457234146748e+00	9.198568621089409e-17	-5.101212023908060e-01	9.955239920997002e-01	1.116776385618828e+00	1.091071559445727e+00	-9.904125365614537e-03	-5.002413133530576e-03	2.407055911343352e-02	2.520793972718089e+00
1.973111166161906e+00	6.182002417572617e+00	1.576906310526573e+00	-1.355732886144381e-16	-3.840689801074788e-01	4.070855028828673e+00	4.792682832870556e+00	4.259682869236249e+00	-3.714635667890010e-02	2.996884767808265e-01	5.682733109070468e-02	6.182002417572617e+00
2.762355632626668e+00	1.136889484291677e+01	2.117750270681702e+00	1.750568704616622e-16	-2.915460007650030e-01	1.005378625474949e+01	1.287219163040493e+01	1.143643122060346e+01	-7.270759222268031e-02	9.716729006220584e-01	1.074479228493739e-01	1.136889484291677e+01
3.551600099091430e+00	1.782867763651187e+01	2.637270486314057e+00	5.016248015009173e-16	-2.258402847242506e-01	1.919312204746728e+01	2.729679946220596e+01	2.476545758202089e+01	-1.193773436898302e-01	2.034059485366189e+00	1.851570388333285e-01	1.782867763651187e+01
4.340844565556193e+00	2.531322777068548e+01	3.140978892009059e+00	1.609797060925922e-17	-1.778269887503271e-01	3.126125112813604e+01	5.019429447070016e+01	4.647640555640400e+01	-1.816083917970660e-01	3.481173186804617e+00	2.665918605511266e-01	2.531322777068548e+01
5.130089032020955e+00	3.359104702873508e+01	3.631153973758869e+00	-3.089752494952861e-16	-1.419956025706255e-01	4.586616013280477e+01	8.381607058664598e+01	7.896941408763685e+01	-2.543841751942362e-01	5.272725295385899e+00	3.500257178995433e-01	3.359104702873508e+01
5.919333498485718e+00	4.244802263371484e+01	4.108593179942823e+00	-7.359132349972295e-05	-1.151061946528915e-01	6.247907127527978e+01	1.304446457754732e+02	1.246467243924530e+02	-3.360958433631318e-01	7.326962025424972e+00	4.419808321613048e-01	4.244802263371484e+01
6.708577964950480e+00	5.167237775755685e+01	4.572732513457217e+00	-6.045408206738125e-05	-9.484791896985501e-02	8.041106318477532e+01	1.922038232800437e+02	1.856624140753872e+02	-4.152814307584916e-01	9.548942836733200e+00	5.294501269783275e-01	5.167237775755685e+01
7.497822431415242e+00	6.105771333857402e+01	5.022355484636228e+00	-5.116153217617119e-05	-7.988432526644962e-02	9.892839601604635e+01	2.709251432427491e+02	2.638120823163513e+02	-4.949283361770905e-01	1.179659431901923e+01	6.191199154729933e-01	6.105771333857402e+01
8.287066897880004e+00	7.044577015171089e+01	5.457431943592139e+00	-4.434341705478743e-05	-6.889239946678635e-02	1.174382374051904e+02	3.683993825288395e+02	3.607369428908504e+02	-5.748042848638861e-01	1.397401608759599e+01	7.084390928477090e-01	7.044577015171089e+01
9.076311364344766e+00	7.983382696484776e+01	5.882993975296777e+00	-3.912885407544703e-05	-6.048566412626168e-02	1.359330484887562e+02	4.876247575006140e+02	4.794240961438798e+02	-6.547744062762868e-01	1.610393391462794e+01	7.972409815002998e-01	7.983382696484776e+01
9.865555830809528e+00	8.922188377798462e+01	6.302044945509656e+00	-3.501165894870402e-05	-5.384806670679322e-02	1.544182847274627e+02	6.315851039775544e+02	6.228543788803411e+02	-7.339854937355448e-01	1.820075776519773e+01	8.850513569244648e-01	8.922188377798462e+01
1.065480029727429e+01	9.860994059112150e+01	6.716444490738979e+00	-3.167841038004533e-05	-4.847432040219524e-02	1.728734551011822e+02	8.032376774071340e+02	7.939668646265833e+02	-8.008780453034214e-01	2.027657597328821e+01	9.727944992071877e-01	9.860994059112150e+01
1.144404476373905e+01	1.079979974042583e+02	7.127405629088531e+00	-2.892466750011567e-05	-4.403483282126803e-02	1.913195082064877e+02	1.005527810503055e+03	9.957300196091199e+02	-8.479260330364722e-01	2.233759344638164e+01	1.068909513701424e+00	1.079979974042583e+02
1.223328923020382e+01	1.173860542173952e+02	7.535753329742660e+00	-2.661139082004602e-05	-4.030544938190731e-02	2.096725667070276e+02	1.241392889514216e+03	1.231001045909303e+03	-8.879996372611607e-01	2.438678886065669e+01	1.142776380243860e+00	1.173860542173952e+02
1.302253369666858e+01	1.272253755601968e+02	7.960088451017383e+00	-2.455332634586372e-05	-4.276477013915627e-02	2.348569555795660e+02	1.526671703558432e+03	1.520064676703643e+03	-9.488384955921096e-01	2.279077259428111e+01	1.228954755034105e+00	1.272253755601968e+02
1.381177816313334e+01	1.415254417484580e+02	8.551357053769065e+00	-2.208614964588479e-05	-9.706513791657216e-02	3.612418481133634e+02	1.992781581830962e+03	2.064430539210392e+03	-1.009905853814839e+00	-1.764802866282792e+01	1.345585717622210e+00	1.415254417484580e+02
1.460102262959810e+01	1.561664295290292e+02	9.118528116329543e+00	-2.001551866539512e-05	-1.462357071329312e-01	4.905297163850347e+02	2.505129103743755e+03	2.656373721341561e+03	-1.064569167559098e+00	-5.975872179495956e+01	1.462546684045414e+00	1.561664295290292e+02
1.539026709606287e+01	1.709532944878337e+02	9.661011708868825e+00	-1.765989418007901e-05	-1.866078247728868e-01	6.138345698644273e+02	3.062099540853762e+03	3.289200912761734e+03	-1.122037093822327e+00	-9.931385374927655e+01	1.579323514467552e+00	1.709532944878337e+02
1.617951156252763e+01	1.866069550965397e+02	1.020782082610824e+01	-1.617848106902494e-05	-2.216424794258358e-01	7.350930145378678e+02	3.696080825045039e+03	3.999224244548334e+03	-1.184529547356394e+00	-1.383691692602402e+02	1.698165351581239e+00	1.866069550965397e+02
1.696875602899239e+01	2.008292358615249e+02	1.068661525201339e+01	-1.295386062064821e-05	-2.327619082767820e-01	8.029334830967927e+02	4.316745283383981e+03	4.658221605175017e+03	-1.242788320920109e+00	-1.524112670492902e+02	1.806811606151697e+00	2.008292358615249e+02
1.775800049545715e+01	2.157632840389094e+02	1.117606093493779e+01	-1.205725960965487e-05	-2.430426638186948e-01	8.891527921708800e+02	5.028273024626140e+03	5.426952883576587e+03	-1.306428585851480e+00	-1.670246101701617e+02	1.917153926519016e+00	2.157632840389094e+02
1.854724496192192e+01	2.317296377842699e+02	1.168394129423195e+01	-1.156152502873136e-05	-2.533319506848569e-01	1.027645157131735e+03	5.852634327502285e+03	6.360725131485683e+03	-1.377838900058891e+00	-1.834037257471138e+02	2.042085047266268e+00	2.317296377842699e+02
1.933648942838668e+01	2.482631191599964e+02	1.219357503476091e+01	-1.094756187314052e-05	-2.616501462365103e-01	1.239191117216737e+03	6.772782227418133e+03	7.463904025295862e+03	-1.456086373507039e+00	-1.981722118141124e+02	2.173279985799731e+00	2.482631191599964e+02
2.012573389485144e+01	2.646949103881584e+02	1.268598940792165e+01	-1.056125307034012e-05	-2.664417305137412e-01	1.537718604878254e+03	7.758382394852051e+03	8.720482446079845e+03	-1.522596631306719e+00	-2.076223596749861e+02	2.301522162277168e+00	2.646949103881584e+02
2.091497836131620e+01	2.801735438160988e+02	1.314061300213144e+01	-1.025487265220622e-05	-2.666622941055012e-01	1.921896415031551e+03	8.763859584314676e+03	1.008369676757878e+04	-1.594027945096678e+00	-2.081191026770990e+02	2.423121995480486e+00	2.801735438160988e+02
2.170422282778097e+01	2.941742512672756e+02	1.354818298957404e+01	-9.766809977135094e-06	-2.627469522190560e-01	2.369669246440316e+03	9.756399986057133e+03	1.149832582919170e+04	-1.661944748823924e+00	-1.987390730761823e+02	2.536151134411727e+00	2.941742512672756e+02
2.249346729424573e+01	3.070228001591595e+02	1.392253278600868e+01	-9.358080282033238e-06	-2.553612894724211e-01	2.860114733612837e+03	1.075502083379421e+04	1.296366748813916e+04	-1.728499496948110e+00	-1.793192771079081e+02	2.645045664792965e+00	3.070228001591595e+02
2.328271176071049e+01	3.184559902641962e+02	1.425858143607850e+01	-8.938955909197995e-06	-2.448056615916380e-01	3.330580297573745e+03	1.173299701399625e+04	1.439058969076472e+04	-1.791625517480768e+00	-1.489983995377174e+02	2.750532728313303e+00	3.184559902641962e+02
2.407195622717525e+01	3.288292970444284e+02	1.456815588145916e+01	-8.656966035573133e-06	-2.346527431657042e-01	3.619183648657472e+03	1.271304738200845e+04	1.563675453527472e+04	-1.835116686458850e+00	-1.172776863365459e+02	2.823631921027485e+00	3.288292970444284e+02
2.486120069364001e+01	3.385782496023692e+02	1.486453169906870e+01	-8.407699134084963e-06	-2.257060339074374e-01	3.751654672632767e+03	1.372913380399456e+04	1.676192902656499e+04	-1.893217148086464e+00	-8.700704160953180e+01	2.909883116377522e+00	3.385782496023692e+02
2.565044516010478e+01	3.478813277951439e+02	1.515296970447842e+01	-8.182859580437918e-06	-2.191940054228651e-01	3.771887606666932e+03	1.479346696933720e+04	1.782692284396714e+04	-1.972451335351666e+00	-6.323951231859133e+01	3.000338226111488e+00	3.478813277951439e+02
2.643968962656954e+01	3.570277219189832e+02	1.544211472721775e+01	-7.973229755689708e-06	-2.125664641663546e-01	3.789991602154094e+03	1.593933850721335e+04	1.897214985117032e+04	-2.050564340587304e+00	-3.723093576032738e+01	3.088064153944701e+00	3.570277219189832e+02
2.722893409303430e+01	3.659641862312369e+02	1.572993658132411e+01	-7.778531788399748e-06	-2.056043424193865e-01	3.807426549216187e+03	1.716062585739741e+04	2.019305295334188e+04	-2.126467055627887e+00	-7.945308319311128e+00	3.175088782097832e+00	3.659641862312369e+02
2.801817855949906e+01	3.746478219838339e+02	1.601475504580419e+01	-7.598239970926743e-06	-1.982267199893671e-01	3.824096870089582e+03	1.845099716781500e+04	2.148329519400778e+04	-2.198503566487797e+00	2.522025883853227e+01	3.258634449016569e+00	3.746478219838339e+02
2.880742302596382e+01	3.830455279378737e+02	1.629521534681171e+01	-7.431659811684400e-06	-1.904070408342027e-01	3.839955845050233e+03	1.980414004719939e+04	2.283654038879188e+04	-2.266158371565996e+00	6.268592308770540e+01	3.340238277640694e+00	3.830455279378737e+02
2.959666749242859e+01	3.911964564067608e+02	1.657236301314567e+01	-7.270898952359122e-06	-1.818221968025781e-01	3.855308203185693e+03	2.122493871027348e+04	2.425737856552421e+04	-2.329468167877102e+00	1.064160862958969e+02	3.418945934637484e+00	3.911964564067608e+02
3.038591195889335e+01	3.991313378493172e+02	1.684698157298132e+01	-7.126350740543563e-06	-1.720262966118059e-01	3.870560873489481e+03	2.271794192362133e+04	2.574966128488111e+04	-2.390404624599768e+00	1.593407149180530e+02	3.491367804889014e+00	3.991313378493172e+02
3.117515642535811e+01	4.065245483069399e+02	1.710755922468380e+01	-6.996748208451173e-06	-1.611187897143501e-01	3.885027869381342e+03	2.421739952690730e+04	2.724698479189874e+04	-2.446165856829758e+00	2.217080702543109e+02	3.558905768348188e+00	4.065245483069399e+02
3.196440089182288e+01	4.131575745107243e+02	1.734607795497771e+01	-6.884419118854518e-06	-1.493155538933895e-01	3.898528613635734e+03	2.566756950666012e+04	2.869318636606367e+04	-2.492717031493228e+00	2.929864810890236e+02	3.620625623301758e+00	4.131575745107243e+02
3.275364535828763e+01	4.189344919068639e+02	1.755854134933618e+01	-6.789486089142688e-06	-1.370352919107846e-01	3.911208471943211e+03	2.703007018834826e+04	3.004984396535081e+04	-2.528291709754741e+00	3.711526342783474e+02	3.676239214561122e+00	4.189344919068639e+02
3.354288982475240e+01	4.239624395686664e+02	1.774810641463812e+01	-6.708966737618715e-06	-1.236461532404817e-01	3.925166100780006e+03	2.831178680219344e+04	3.132219503223284e+04	-2.541425912490041e+00	4.608079352410626e+02	3.718869314082042e+00	4.239624395686664e+02
3.433213429121717e+01	4.289856977776033e+02	1.794229902898363e+01	-6.630407306817214e-06	-1.058243926152115e-01	3.947213816347280e+03	2.969718390410796e+04	3.269088785737905e+04	-2.550010992203644e+00	5.861094744057483e+02	3.752353059231631e+00	4.289856977776033e+02
3.512137875768192e+01	4.342858224168531e+02	1.815195649199497e+01	-6.549488282247862e-06	-8.280578907850221e-02	3.983864319195201e+03	3.127300462648499e+04	3.424326794089726e+04	-2.560526481710931e+00	7.557431037971801e+02	3.780366396066086e+00	4.342858224168531e+02
3.591062322414669e+01	4.394485321609093e+02	1.836058807241849e+01	-6.472543874673960e-06	-5.702274221458953e-02	4.038086403640893e+03	3.292274651094843e+04	3.586716228594058e+04	-2.565674143594777e+00	9.545870030220332e+02	3.814174179993381e+00	4.394485321609093e+02
3.669986769061145e+01	4.437437039308862e+02	1.853810125266192e+01	-6.409893548618499e-06	-3.281850246835220e-02	4.106501540683526e+03	3.439884899880838e+04	3.732180734274663e+04	-2.562054579684919e+00	1.149650773385334e+03	3.836483731705828e+00	4.437437039308862e+02
3.748911215707621e+01	4.461898691741022e+02	1.864199716648891e+01	-6.374752323111765e-06	-1.775988215013542e-02	4.168255946469776e+03	3.530480337360630e+04	3.822564514825209e+04	-2.560069071249609e+00	1.276283003937670e+03	3.845279843825772e+00	4.461898691741022e+02
3.827835662354097e+01	4.469696541501518e+02	1.867625483464769e+01	-6.363630905710360e-06	-1.360558156419683e-02	4.199119040245021e+03	3.561176984835975e+04	3.855004433503374e+04	-2.560237891765725e+00	1.312680238041026e+03	3.847380831364922e+00	4.469696541501518e+02
3.906760109000574e+01	4.470566419281930e+02	1.868022255984324e+01	-6.362392677574296e-06	-1.320838099788672e-02	4.203385557795072e+03	3.564830681979645e+04	3.859012263687647e+04	-2.560215596686127e+00	1.316300404537315e+03	3.847398374493902e+00	4.470566419281930e+02
